100 4
31 72 25 23
23 68 70 68
66 85 42 77
52 79 77 7
31 91 98 77
16 20 52 76
41 90 25 19
79 15 62 33
29 51 53 73
87 60 80 84
72 28 63 56
79 75 41 50
89 48 35 53
97 11 16 24
59 52 17 75
48 18 69 63
10 25 57 51
26 10 46 10
45 61 9 96
4 50 81 29
17 50 60 56
51 65 88 90
24 65 60 7
17 70 52 23
30 63 18 83
54 32 61 72
86 35 42 11
15 77 3 58
94 42 74 61
45 98 79 76
19 6 81 74
57 94 69 2
36 75 74 56
91 86 95 30
39 5 79 12
23 95 9 42
61 16 88 16
56 3 85 56
57 83 48 50
46 46 12 18
65 73 19 48
14 86 53 60
85 11 46 60
10 47 11 10
63 47 8 41
81 91 49 3
15 71 92 80
42 15 71 73
54 96 61 90
63 19 76 57
58 16 2 23
40 98 85 76
64 58 49 33
87 79 78 76
66 46 89 50
76 84 48 10
40 15 64 16
31 61 12 50
39 89 18 33
56 86 90 58
27 55 56 64
87 49 22 3
5 11 9 18
36 41 43 40
12 43 48 28
87 96 1 55
3 52 87 78
5 47 72 56
4 29 54 15
13 17 59 88
57 71 66 51
39 72 27 81
23 9 81 7
86 72 33 76
93 78 54 7
53 46 22 23
84 15 54 60
26 61 11 71
44 26 69 25
87 59 8 71
88 21 83 81
17 38 60 78
42 54 21 80
10 86 95 72
51 95 92 3
48 89 64 71
19 85 78 54
68 54 27 63
54 11 6 8
81 34 9 78
19 12 37 33
61 29 91 19
70 16 53 3
36 87 13 11
53 14 70 26
34 33 67 19
25 82 37 25
97 38 33 91
41 5 76 13
6 44 76 50
2 4
20 22 24 16
53 58 63 28
4 2
20 22
20 22
20 22
20 22