100 140 61 71 0
23 45 913040345
9 23 145061377
49 79 25849561
81 84 225114520
5 90 895093137
56 91 503929984
1 10 826471604
17 31 534450467
71 73 331694801
1 25 736004671
1 5 636433019
1 58 434612703
76 70 25678691
29 36 475592088
3 8 869518487
58 73 758217625
36 50 882528856
11 95 658396441
58 85 565853687
3 60 428059939
49 43 532379645
1 89 773317321
16 18 45891785
23 61 448446759
1 9 269028101
31 43 991306871
50 66 707828131
1 32 293635994
1 3 195348401
13 37 429796301
27 55 992946127
40 97 398602479
28 51 672348286
51 96 697235970
38 77 406376513
5 13 436025309
21 29 490043553
51 54 531429001
7 49 974538921
1 16 798008041
33 92 53193665
65 93 465994417
18 19 533037319
5 24 984481041
13 57 664354751
16 20 10151576
1 22 217793250
13 21 69701481
39 74 786954689
31 46 808489729
48 82 835228451
99 69 834214731
2 65 869103401
65 89 156989761
23 19 279369977
72 89 881387276
1 7 971686509
17 57 844240811
48 68 253881505
24 38 920134549
55 69 490570611
16 28 441490749
91 85 54219113
49 65 860119814
7 88 157157021
39 56 877430903
1 70 608606201
11 15 681395891
1 93 555600766
9 29 176438837
17 87 736139286
49 52 464636961
8 34 297353601
86 87 897324799
1 99 25000334
21 81 187259135
5 75 497998141
1 4 333214261
31 41 543631226
4 12 213696689
29 1 482024089
77 98 869422593
37 48 874576152
21 33 781225735
29 53 517420119
99 9 896339689
37 64 969061554
1 13 441658077
21 85 226000157
20 58 879936673
13 41 858982414
89 30 646865908
3 39 434712493
54 78 479643505
31 81 689524906
1 83 916832257
23 47 425023969
82 25 950685921
27 32 319758577
9 69 963877937
13 81 672951176
37 29 740932400
26 27 891829989
30 76 273172884
13 71 713273481
2 14 126640288
55 67 740512228
3 35 547127583
9 59 558711738
8 12 554374357
69 39 682979709
9 100 142665295
30 44 803380791
1 2 725585392
27 50 663978626
53 79 394665501
44 80 100006373
52 56 879950033
8 30 609596646
63 74 758140431
2 6 11594337
41 1 603288959
94 98 322337165
31 86 646515951
27 42 897113450
1 11 647576190
16 86 146671621
16 19 506967114
41 62 667875136
28 40 72963833
68 72 62370761
30 94 481111021
11 17 485894309
1 84 530562106
1 23 640585881
44 96 786377919
57 61 829645789
19 63 359314337
41 97 809690755
8 26 746035460
