604 672 514 437 6
105 447 206143089
26 223 378457899
561 389 336014193
183 559 475115283
155 486 799620125
62 504 790122350
55 75 987840139
26 56 195796429
82 190 565346094
150 410 129712698
71 111 352102150
556 577 966927559
2 4 332916008
451 459 967933112
234 560 35168469
48 214 910179216
5 285 392807813
215 277 163277071
520 598 847431868
18 573 72751080
184 299 529028846
37 379 443566611
391 451 96652325
245 392 177818620
1 365 655416838
129 382 964207624
221 320 456624831
359 474 439254681
367 111 979162159
61 82 603560122
206 570 299653761
285 327 623237811
265 310 902914371
330 552 421796781
211 582 79172793
68 584 431502537
36 50 383302067
16 418 700923649
1 14 250627578
69 579 993024891
131 266 326831848
56 116 723859691
229 263 629220703
209 231 316025349
184 508 475796771
281 432 761354903
1 2 201756065
55 217 956685761
165 249 352760798
45 515 786820265
120 360 717376249
179 578 321646771
29 218 632878099
51 151 180791783
163 328 614504705
63 91 935890196
83 107 657808055
29 61 313410279
8 178 542137191
13 436 677793251
10 13 870112039
135 286 661343413
69 319 76893347
62 167 356896025
50 163 603735201
66 434 722284013
109 145 513094301
271 315 683204349
334 553 503488146
32 288 426007201
179 254 804282721
385 409 328804235
19 34 164442054
300 568 415270630
68 387 10729921
144 230 925131337
149 437 401422609
260 498 107252177
41 366 30771547
367 416 474707361
202 462 982664853
54 149 9847051
240 303 745966078
69 421 866549472
164 294 19024967
101 27 263912321
2 29 403042305
269 569 141591522
120 358 573975761
118 423 311890958
449 538 726105287
155 305 631206715
39 240 1799934
35 120 162349541
1 453 264788185
11 196 543066601
61 69 754588019
74 452 695034026
235 538 457063937
97 179 798103166
71 341 777704245
401 544 666834465
74 175 641001727
147 355 601136585
164 386 457773506
200 9 79927251
449 491 84995073
1 433 285525069
1 186 545586947
61 94 520248685
301 461 879611949
411 587 380381126
331 565 530474111
145 264 370336876
166 188 678939889
338 440 520187277
70 89 54006446
13 18 671715137
55 574 843402837
1 279 653291098
131 411 957948249
31 290 668819961
107 125 765641774
206 476 768762005
329 489 887270757
224 228 290501521
18 35 729439486
159 212 518391809
241 272 742227709
79 172 498155151
229 604 92256331
63 114 330221316
397 404 711022401
16 64 967337205
177 469 941759578
229 499 672999138
81 171 836775685
133 316 568278161
76 592 982209593
96 127 150252569
363 533 239881756
15 74 603078332
97 438 573120481
347 394 716105351
146 197 363502623
63 233 40386301
302 482 319409345
7 137 818605874
74 262 645190441
76 492 778729913
267 422 119628753
1 93 151596733
216 270 138966473
91 121 326527281
133 307 738424538
43 495 616072305
1 71 453570689
22 487 214611348
303 383 670585702
111 216 56257735
68 142 186452581
154 206 959820801
11 576 47410631
1 70 638679805
140 150 268267187
59 159 833009579
102 132 792573446
7 351 394752073
47 104 557607841
451 474 12006061
391 572 410988416
299 359 415388905
204 458 866837145
146 194 489448401
326 599 648194327
387 129 912747807
271 523 724053437
76 234 417586379
113 245 141890424
589 591 742054969
1 169 755013297
1 400 176570085
29 314 446811713
135 170 140970544
308 468 504723846
418 460 897322736
292 340 361356931
181 261 609869847
1 39 583495795
137 501 471358632
157 287 832889681
89 96 912402881
123 215 604082177
317 384 199278755
1 46 317399326
415 496 93772726
169 248 105661457
114 450 33400689
457 537 692640625
157 267 49033419
15 33 580348592
145 388 820597153
162 238 408615011
109 126 165980941
60 138 978266149
70 323 169681202
161 232 500197911
463 249 485501289
177 405 537414808
197 381 804459545
73 483 177331663
329 428 410734001
351 471 64381441
187 536 625720148
110 182 235950716
106 220 213448972
72 123 84910270
115 118 132583087
424 464 73070159
18 44 189130456
8 119 636230956
74 199 63583966
103 106 130519321
109 412 448587517
529 449 121651477
43 59 585103165
37 73 105662730
572 581 979778123
288 317 312364755
496 529 521123393
1 5 797324677
310 463 596032006
245 249 605054938
66 326 792992513
147 180 981676497
91 103 595925560
173 439 802207881
38 224 279597201
41 225 274588671
63 128 795421393
69 282 403739327
406 585 348854276
1 298 474122754
81 542 550656861
21 256 845536297
83 198 711787360
53 372 285221427
29 60 364900986
73 117 736333441
175 271 292693826
11 571 303324621
172 252 302788258
69 548 564312296
25 27 437568409
336 545 73513865
157 247 419433149
1 3 870405609
557 419 571534241
21 122 701481291
73 144 620305644
19 40 942263265
229 368 897982513
36 101 425957217
1 221 496546721
29 136 642633641
1 9 548872827
141 419 822372181
205 373 487806073
104 152 649019261
217 364 162690985
23 65 273432289
76 301 559743621
158 291 455198975
121 295 233616093
17 31 95587712
53 275 54030710
134 567 647013575
1 21 551538286
107 177 220268893
37 344 786809857
53 108 727389115
244 283 407063661
227 395 615107745
31 427 243508127
297 519 591771521
285 600 514213031
33 259 656588421
9 17 37618751
72 466 321156976
407 553 106502045
165 441 756059405
48 49 952097641
132 251 425028033
97 517 683689421
232 296 760277569
244 396 242178061
1 10 674879425
47 481 336157905
135 444 754519977
5 79 942409617
271 281 967054846
122 45 583307482
76 265 581991809
3 7 281858785
235 480 110273289
64 72 313334137
315 479 335901261
15 41 179892420
13 514 380323342
99 367 52454473
16 512 634566699
259 594 192783523
476 502 213354626
199 403 229904173
1 378 130798071
73 207 645228990
169 209 485921347
71 342 639978912
25 165 181304547
310 520 604522853
209 417 115936843
319 522 133201606
4 43 896955849
10 28 837110134
251 322 913548737
231 237 392003121
32 183 264206009
81 601 76252658
301 311 746136776
3 8 371469343
204 229 856255355
586 596 968297498
434 516 529435173
96 146 296390209
549 465 915433389
139 443 85541331
99 239 203974243
12 23 22679621
35 38 924130372
39 77 129076585
88 154 133504185
113 274 903197253
204 337 224886336
153 485 924524279
42 208 420799691
58 309 77391211
97 184 859028851
131 258 741389147
8 113 62399637
307 521 672724609
14 81 950294760
415 424 927545641
61 99 5947265
73 181 874471799
421 150 306231692
6 112 709682201
166 540 609390261
64 148 335393673
480 564 376363725
450 454 824506151
12 189 79153881
41 582 55728047
25 30 11221741
516 546 94569398
13 19 779174145
8 12 93348571
115 343 463547821
21 203 257040553
341 235 991917613
5 158 571328833
1 25 693928565
307 333 577371051
235 393 76432726
458 437 626068105
55 66 417707353
121 375 601168377
281 377 141511875
440 550 531993969
66 467 429425236
99 297 51340801
151 557 335827487
3 525 638124367
265 404 165701738
49 160 487713483
367 500 391958201
94 139 385816068
4 6 983009099
284 374 295862981
1 135 236880525
143 457 656741368
56 147 443136575
61 130 550635041
297 461 907098146
409 431 732846139
52 97 364406801
151 449 428520228
154 313 49343258
121 168 73606201
501 85 816429910
291 566 97564073
137 187 613343139
182 524 139041454
493 535 461352486
151 399 548618186
157 222 601997876
4 22 702700523
569 261 305711948
7 37 952407371
26 426 246532797
386 526 178446035
241 408 399499773
345 401 185668449
1 15 944356889
106 110 319479362
116 112 356216353
313 488 849737781
226 257 615910431
51 373 222545025
17 329 173073750
13 85 553269841
201 253 335894672
22 87 908142921
198 347 712355296
51 318 674108281
121 141 103091049
221 331 507747558
54 213 691032091
457 472 208804385
237 473 975578972
481 543 914452201
195 406 867447
55 346 53755910
395 402 879139792
26 32 390953151
454 484 724068105
153 389 937669905
378 446 408293785
47 53 283552451
416 448 310427686
40 92 712425099
277 425 685914741
8 131 516743643
68 164 752007699
100 276 527288481
126 226 918536335
551 603 135314821
120 494 820392799
49 293 945217731
186 308 306146196
73 531 707160269
275 356 161779231
274 350 421454841
301 69 894285170
1 211 387618549
223 455 374371065
17 413 102958431
11 80 289732177
23 339 651909551
13 191 973205329
283 478 222742501
187 236 111378761
466 532 104519091
337 527 268601137
11 67 718655934
227 405 338706181
137 278 943393545
321 332 103085323
43 55 169902701
69 78 323866031
12 16 231715211
1 26 964310765
18 48 826597953
357 541 24473671
79 124 783569569
229 357 901415417
112 205 142740989
25 45 580731507
520 561 795450867
347 429 998438561
5 11 332774944
259 304 823048316
25 143 320528266
254 390 650833724
109 156 640595315
557 347 59901631
34 250 547407727
73 156 106544270
152 440 566692459
9 54 240775703
21 86 30293016
218 324 823214687
423 581 731922635
25 42 182096969
29 597 759453254
81 241 641126149
33 465 255786326
290 420 20796041
44 51 332423177
414 593 99223639
236 510 537706217
304 334 973699129
389 580 563988315
23 155 642774779
21 62 311515267
399 389 154247586
135 321 852966721
123 242 147675001
91 200 972028131
153 477 304368109
76 115 598751672
407 203 267606361
48 192 304002489
35 57 163426653
377 555 151830361
2 20 538404845
125 269 935147583
424 93 435487110
1 36 975634265
227 407 10291856
435 456 362185441
51 58 891223270
162 173 424360926
281 336 644071051
44 475 859935212
165 509 149134177
338 441 350636019
78 202 275535537
239 391 259433460
424 518 909698337
177 306 373306845
177 446 991342551
173 201 407707324
17 68 81605101
50 162 91440678
83 161 511346653
58 352 174607584
247 511 74797747
176 77 654580375
195 531 624525485
373 445 16266957
149 193 31464270
489 590 560274851
107 246 142888598
464 417 504073897
103 506 820919740
67 371 440873179
28 273 947108438
3 102 496689441
413 187 273657162
211 586 955243109
231 330 921659923
535 215 744632703
6 84 474374225
127 235 348873653
263 300 789311231
159 185 461158297
44 52 272680022
263 58 967964876
351 414 748322279
396 215 736205360
241 592 63698221
22 24 661409665
232 490 875946011
1 83 119897511
106 470 506900003
89 365 53809484
252 353 870945469
87 105 855711315
40 318 509906817
538 589 152949406
103 1 94431165
126 497 843474740
14 176 369936091
265 362 965903497
99 547 665586719
248 345 35581171
332 354 80232966
226 335 908555425
151 369 337837455
1 90 161581035
163 227 589426921
539 394 803948974
174 530 899016042
120 134 129159561
179 503 686800306
133 243 615064961
213 558 206604405
183 325 813128557
291 338 690869153
7 195 544467561
248 562 915256365
15 204 471390940
533 37 651226369
29 289 387141229
467 354 721226851
71 95 727947266
71 551 9555617
125 398 952799070
95 353 139734161
447 539 935209841
17 415 713442972
277 291 593674417
265 593 784339973
131 361 363191473
169 385 76887809
213 284 84229674
421 221 899003465
389 421 980607141
83 219 149130394
547 554 892181069
450 595 690754156
75 255 554947901
163 244 561033729
89 595 844701733
87 513 572437704
298 442 875542933
51 312 21861485
1 493 21843251
378 369 84821269
211 353 707753917
179 268 589378228
395 588 662528417
97 109 258169509
35 280 828971503
184 583 97665306
258 373 666989177
394 509 707353689
113 129 269083906
350 363 805427811
58 258 250799137
334 430 607759736
141 162 856555999
87 534 360582185
3 393 118857041
323 349 458440953
373 563 139230896
471 507 401099180
235 547 233583751
40 348 761262373
335 389 24333060
113 575 169752321
92 174 969851597
49 157 796253576
66 98 83384871
232 380 754086836
67 166 225851876
113 302 224606427
35 47 956303361
177 376 164472079
39 435 302364445
130 140 599328255
240 260 710029833
34 211 694365181
204 549 402448273
439 408 514428971
581 349 599865051
11 88 728839119
124 292 869235881
97 528 130770751
47 63 598347048
484 505 718081641
225 370 752799431
153 602 224516193
307 556 341471537
168 427 998306148
71 153 747291384
4 76 325481695
64 133 526619428
161 397 451717315
139 412 290733383
203 210 759717149
59 100 641908185
