408241
408242
408243
408244
408245
408246
408247
408248
408249
408250
408264
408265
408266
408267
408268
408270
408271
408272
408273
408274
408200
408360
408361
408362
408363
408364
408366
408367
408368
408369
408370
408384
408385
408386
408387
408388
408390
408391
408392
408393
408394
408800
408960
408961
408962
408963
408964
408966
408967
408968
408969
408970
408984
408985
408986
408987
408988
408990
408991
408992
408993
408994
409080
409081
409082
409083
409084
409086
409087
409088
409089
409090
409104
409105
409106
409107
409108
409110
409111
409112
409113
409114
600000
800000
1000000
-15