45398
45385
45386
45387
45388
45390
45391
45392
45393
45394
45480
45481
45482
45483
45484
45486
45487
45488
45489
45490
45504
45505
45506
45507
45508
45510
45511
45512
45513
45514
45511
46080
46081
46082
46083
46084
46086
46087
46088
46089
46090
46104
46105
46106
46107
46108
46110
46111
46112
46113
46114
46118
46200
46201
46202
46203
46204
46206
46207
46208
46209
46210
46224
46225
46226
46227
46228
46229
46230
46231
46232
46233
46234
-6