362880
362881
362882
362883
362884
362886
362887
362888
362889
362890
362893
362904
362905
362906
362907
362908
362910
362911
362912
362913
362914
362950
363000
363001
363002
363003
363004
363006
363007
363008
363009
363010
363024
363025
363026
363027
363028
363030
363031
363032
363033
363034
363600
363601
363602
363603
363604
363606
363607
363608
363609
363610
363620
363624
363625
363626
363627
363628
363630
363631
363632
363633
363634
363710
363720
-21