363721
363722
363723
363724
363725
363726
363727
363728
363729
363730
363732
363744
363745
363746
363747
363748
363750
363751
363752
363753
363754
367920
367921
367922
367923
367924
367926
367927
367928
367929
367930
367838
367944
367945
367946
367947
367948
367950
367951
367952
367953
367954
368040
368041
368042
368043
368044
368046
368047
368048
368049
368050
368064
368065
368066
368067
368068
368070
368071
368072
368073
368074
368075
368640
368641
368642
368643
368644
-10000