403321
403322
403323
403324
403325
403326
403327
403328
403329
403330
403340
403344
403345
403346
403347
403348
403350
403351
403352
403353
403354
403600
403920
403921
403922
403923
403924
403926
403927
403928
403929
403930
403944
403945
403946
403947
403948
403950
403951
403952
403953
403954
403900
404040
404041
404042
404043
404044
404046
404047
404048
404049
404050
404064
404065
404066
404067
404068
404069
404070
404071
404072
404073
404074
408240
-100