434 693 54 351 2
65 147 972656086
335 233 30124629
1 100 452173451
421 325 329944963
15 64 533674913
12 373 21611301
317 181 391054097
27 329 419260511
386 103 625964473
6 11 201789944
36 67 685161017
194 306 375264697
13 259 789098713
401 42 51431482
276 341 429007377
29 245 846069918
214 387 182808537
221 384 842243526
1 113 442077089
257 391 908208487
17 32 598350715
141 338 492712633
29 201 980859089
315 404 815010326
203 395 493029181
383 411 83933141
82 376 519719179
110 231 631352501
180 251 561288001
15 75 399706936
56 66 452632602
23 111 497138909
8 51 100963038
183 141 7128661
178 426 267764281
408 249 182252811
373 217 809417281
43 151 744841419
119 239 588063711
190 358 177081426
290 368 66621297
106 148 248615686
33 47 750054071
397 176 618125761
408 243 209280211
419 431 864137155
301 295 571212486
19 213 654545101
5 116 732691964
7 120 801775551
64 94 884171151
18 168 322986447
207 314 488923544
33 37 755687787
6 316 493840881
389 269 519235841
79 109 780089623
87 122 638614200
6 8 777836601
95 259 868330977
4 24 720638039
214 271 188848359
107 123 347695669
8 114 709103393
25 248 53763153
413 326 640882883
41 273 136476117
27 39 173436892
35 389 541018197
380 249 335247786
365 183 779609901
263 283 636958277
55 358 46143888
157 244 788039737
302 317 75487206
3 17 372703941
381 241 806935349
115 432 917855487
174 188 975169533
125 185 817406298
180 317 825630261
73 293 318736185
156 352 487839107
111 246 557205521
131 365 438172841
394 323 909747041
148 94 818694329
53 45 793270281
368 425 671309401
331 353 916352343
21 130 205217069
220 338 918974935
58 364 837791253
32 194 646434041
188 310 590787923
34 415 674725428
246 299 329460201
211 221 554107761
236 386 49082682
55 319 932780985
40 102 227690909
354 233 59897139
171 40 297344251
81 399 830902537
105 113 644496337
85 86 224996125
51 85 784867985
290 366 614980410
53 90 598281593
27 217 728795116
351 199 74211347
85 150 285629354
219 53 326939099
101 260 240103960
136 211 889376721
185 61 992463821
335 105 535325801
92 140 354261646
201 225 774549185
81 385 755029012
107 15 965047901
81 421 522350659
82 189 29070233
135 412 674858619
417 419 361382106
36 142 760739793
2 5 848953051
338 211 899484127
2 158 976886387
387 419 636884649
23 40 178128497
126 227 812912617
4 12 793728231
4 16 42396889
69 363 934195969
81 131 324755191
268 271 793114709
156 340 143904894
215 15 879422241
208 213 975158942
187 53 110032546
43 93 669787423
356 371 270471794
210 240 220229978
55 83 316107761
163 377 185666113
27 318 22360351
82 124 418274078
22 68 760341201
32 42 845720749
326 133 125801705
131 414 779248881
102 106 583161856
373 255 12360216
17 29 337702881
301 325 862972781
205 39 902287564
295 233 901017157
1 410 306453884
95 214 710034918
51 61 808736342
52 103 574631332
211 29 819066841
3 14 667141761
43 115 701415642
12 177 289387045
19 55 823069803
33 87 347260131
251 379 924871623
82 243 326427966
268 356 386876561
20 121 31570548
155 405 703367831
199 323 909084991
201 23 858701141
32 101 358035506
1 2 407743764
108 429 312822453
1 79 762555395
48 52 131691256
173 355 36642896
100 424 306896734
129 330 484016818
136 279 875610023
107 369 436699457
1 136 380842521
125 322 720982973
231 339 472215511
321 383 810743457
183 197 588176231
5 50 912475871
97 267 203093619
148 285 945405669
358 319 406529808
11 71 151442413
210 101 805179165
93 223 613583711
10 34 685464041
295 302 673345138
25 405 531854249
224 288 618623601
362 394 596677611
39 209 694327397
306 315 911737371
223 270 94745726
3 179 56522949
3 207 92930389
52 76 566021771
393 94 125411189
99 63 583174168
218 195 44983286
93 115 87582548
250 256 214704129
97 133 388068315
197 72 147450291
115 281 357779131
53 336 149169561
309 433 73418515
290 9 524943621
249 145 483529965
351 145 637479705
141 305 105250145
163 343 553346565
205 362 679636636
121 161 697915907
97 247 482512621
197 344 494932902
21 277 81445604
149 93 448972102
3 127 43244121
158 395 499225601
1 156 831304669
69 253 302027777
7 407 584761130
221 318 694496769
36 407 759013349
39 379 7831425
119 120 553304761
61 360 287356885
199 230 756846791
223 261 557878791
66 296 159052273
313 248 283818651
45 49 48196893
32 320 870745771
45 263 584215397
64 236 701570901
361 217 389017798
7 69 515054749
16 43 789852761
91 190 694080880
266 419 718542761
49 313 509654207
216 55 410792129
42 62 459365170
215 47 353673979
285 196 969539074
153 416 665142069
77 333 119642892
34 56 490271302
229 397 396087561
15 171 862269513
1 3 430799989
173 233 382946741
121 211 90138959
253 385 57707201
397 306 802786001
386 174 447881505
117 180 909064453
24 33 95622259
14 267 209140607
76 301 357434476
24 30 145559361
251 321 199831779
351 239 250202931
187 269 498544740
171 117 719418901
96 281 608524433
24 41 112527425
383 405 510365119
90 272 93616513
215 254 584100251
169 42 253698507
25 27 243323843
169 307 935195115
11 23 204955021
373 45 945010237
239 371 844634303
56 65 42443535
431 107 528675550
79 118 17696711
95 96 882529537
257 281 106710393
50 247 891397501
259 268 885632522
13 164 688004241
279 288 249281353
343 323 179856362
131 233 361147774
74 378 933920557
93 78 221289345
17 427 996388085
120 152 944052911
252 348 472034037
123 170 199396655
9 26 566625505
121 319 848843949
20 35 318519797
127 235 24815519
6 9 997319964
163 394 612519525
9 13 757494876
7 257 944251213
1 31 955185520
58 154 303125337
83 241 674507351
34 117 513326186
373 195 725406121
41 72 38434709
76 328 399014995
413 141 378399631
11 81 806416992
53 191 125759940
37 97 653746225
143 174 51633497
3 429 242099408
8 278 429689640
56 91 540678177
113 176 994838026
374 389 528954387
216 286 910970671
224 264 410849029
87 384 109811041
192 397 30711185
87 241 985544478
107 417 490707121
36 313 797855261
63 287 180672079
77 137 605890007
39 35 528060717
73 311 958262413
334 403 615088526
153 163 998579577
107 374 933552373
91 213 583433037
124 205 495700221
103 106 563946934
297 103 224507337
116 214 499863916
290 72 191047091
189 389 898263981
373 298 108752617
301 430 912251917
106 178 111355976
316 119 351640195
158 165 386322601
204 149 368516039
273 122 49150906
3 6 845562305
255 418 701001465
1 25 174767442
91 210 756299501
323 391 386910650
151 120 745985423
33 153 222778203
65 119 439927761
253 280 98910753
405 60 665958113
105 404 9843861
92 211 496393077
161 351 899550442
83 331 147538401
141 162 220106455
12 108 645950733
8 44 294470609
6 10 399056149
183 234 259021151
428 399 987340433
35 205 468381323
85 197 6006647
1 166 948566352
365 25 617673201
55 196 787153602
1 63 934823978
5 7 638659829
73 249 291222201
135 243 664725095
18 172 622077791
274 322 71917424
99 347 810107789
93 135 618096586
26 80 156963873
122 284 117395081
132 345 130606507
330 346 591787275
82 428 360901961
259 347 869049163
25 187 535805675
36 38 946096533
215 425 913724561
307 181 451952505
49 380 379139311
107 365 587693225
59 429 303795911
65 333 677224535
131 326 314952671
36 174 820302370
43 311 145518245
11 141 59610036
339 113 49267201
156 225 523332501
135 33 532913029
151 199 903908061
76 126 177843945
74 200 193160839
28 84 494337086
337 421 447212089
113 128 726579699
109 157 244286849
374 211 207041146
281 207 383735251
387 393 145018865
13 110 67762589
120 271 731119205
345 105 402836789
84 127 531223113
347 149 498921376
160 156 202303367
9 132 271548761
77 198 741056565
51 392 983735481
327 403 64898712
138 382 908512826
1 226 20101836
57 335 890109939
105 125 566390649
148 417 337375243
369 375 141342301
13 246 794744798
107 224 37241844
223 311 743539305
263 316 812067933
389 29 928416401
137 395 641030975
431 397 905857301
182 10 806855200
176 390 999836843
113 143 54113656
93 160 612867582
211 117 213682623
232 298 366245181
337 409 274968337
201 73 960716067
37 173 548220881
93 60 307720633
194 311 923181541
38 138 456867717
171 289 237904729
67 241 93517389
121 182 165558497
193 422 901000440
304 15 543185569
426 55 678318041
25 357 367897141
185 187 809806922
322 388 851473761
10 20 432370348
426 344 836082835
33 139 488211881
10 127 710653489
64 208 293026165
281 421 580264792
29 48 445080149
256 197 7225617
187 323 147055101
137 379 95641321
37 70 637481347
85 1 761885825
27 104 768461105
3 57 283939265
152 187 266263925
319 216 960681781
52 144 220440128
76 346 115026529
349 393 589646026
99 431 832710041
64 324 218015326
114 218 283055897
287 370 551523302
165 204 774428719
360 65 303516801
41 187 397957011
183 192 788705071
15 77 267734989
427 125 926869126
7 190 543684145
1 266 630377216
140 396 6559070
61 88 789934088
313 297 531949999
288 263 485617639
183 231 859293071
364 50 277829401
206 258 438247870
35 110 961201293
157 5 954616818
85 195 784797041
282 309 115107191
1 51 330341303
89 275 321064069
351 256 861051900
107 252 918532905
23 153 481202392
254 312 337089069
28 215 863481191
79 129 152008658
184 262 923686235
292 327 72435618
316 155 856174211
265 340 919538113
305 338 757839525
19 139 739485029
11 282 833900445
36 185 738201980
6 30 187723283
29 323 559175376
1 337 792193089
366 139 670643873
4 46 692481962
19 28 815454321
172 354 951314177
70 38 835087411
198 217 456219105
326 345 733546104
19 169 428568799
266 351 637201513
26 186 244436583
44 73 832232587
122 406 972904153
127 181 962597601
65 355 316622185
23 332 819607369
93 185 897289749
37 361 827836433
1 19 266411331
89 291 285436417
401 315 319515266
29 195 439836857
1 60 118943462
125 59 334370071
50 74 726890347
131 413 840929139
280 398 842713868
14 82 593477745
375 357 203789319
184 303 155742351
123 238 82235137
2 15 725950801
143 99 891404302
89 359 138495691
113 228 79911329
10 291 814781425
107 423 83584105
140 222 593662131
195 308 628913721
137 292 381094041
163 238 172113257
88 184 637198273
33 149 341923791
139 275 504871143
157 418 259595971
7 161 571564511
156 125 295604249
1 43 841618390
71 276 469317276
402 311 391033397
165 253 723863773
21 248 357899301
57 183 839147919
142 146 774686076
27 134 159799393
49 159 239821424
119 169 839429898
48 274 583032429
91 350 379293343
49 89 249369201
181 373 907220551
113 356 5080865
104 297 302407047
110 212 994633412
79 143 42486341
16 112 701698217
73 239 825743397
117 167 475304193
79 356 209787616
285 334 397804125
6 36 858677976
403 235 492925990
322 402 794601294
41 53 4758866
151 237 307583751
339 408 333775043
201 219 216231087
153 359 505165917
12 322 919199769
285 240 4363816
239 401 779199001
82 71 857903741
258 290 191376032
33 59 825144449
117 189 822090770
385 125 309381245
120 300 723724481
47 242 969615044
17 21 592613521
57 19 700829155
4 400 932500961
15 175 609370553
7 18 829203321
317 407 751826397
393 306 110034253
35 229 868278701
63 125 22705311
141 87 307919629
246 155 178487105
184 202 107829767
91 129 384009177
80 377 445345401
1 407 672929361
201 361 245681761
14 98 534924625
325 212 885076726
61 349 225820407
67 92 836102721
82 220 768596983
129 193 217636751
217 211 977561696
359 434 401117566
36 323 760366969
193 71 770058275
151 295 839488351
139 5 969780111
113 253 717438326
215 304 263659016
384 420 509487653
17 381 738959125
139 145 463688490
1 4 125790939
12 78 305133600
57 203 119796625
77 99 703860900
59 255 226836513
232 367 514541796
5 10 178447617
148 335 512323979
247 255 99479957
56 185 899189189
157 294 786629911
253 195 145705407
20 92 94694321
29 95 787454417
230 13 239953886
183 115 656479016
247 210 660828399
63 105 330315712
309 48 14243470
281 85 977806853
378 375 689894881
84 317 418400513
284 175 875100901
71 155 259088734
21 22 768779219
415 155 172705357
113 389 316348990
60 372 642979769
63 342 892605978
126 250 221483113
18 216 672695664
14 67 72830991
45 206 524480545
74 162 452882623
45 107 464025662
177 265 448757991
43 45 782310293
253 157 383744265
193 232 71410236
27 58 918205759
6 54 97547657
28 337 703209951
317 379 574124321
60 167 176442544
201 92 433963273
232 295 84492742
